9x9 grid

8 9
2 1 9 4 5 8 6 7 3
4 8 6 9 3 7 1 2 5
3 5 7 6 1 2 9 4 8
7 2 1 3 9 5 4 8 6
9 3 8 2 6 4 7 5 1
6 4 5 8 7 1 3 9 2
1 7 2 5 4 3 8 6 9
5 6 4 1 8 9 2 3 7
8 9 3 7 2 6 5 1 4


16x16 grid

8 16
6 5 2 11 10 4 16 7 14 8 1 12 9 13 3 15
13 9 4 14 1 6 2 12 3 15 16 11 8 5 10 7
1 10 7 12 3 8 14 15 2 5 9 13 4 16 6 11
15 16 3 8 9 5 11 13 7 6 10 4 12 2 14 1
12 8 1 6 5 15 13 10 4 2 7 9 11 14 16 3
4 15 13 10 11 12 6 14 8 1 3 16 2 7 9 5
14 3 11 2 8 7 9 16 10 13 5 6 15 1 4 12
16 7 5 9 4 3 1 2 11 12 15 14 10 8 13 6
7 2 16 5 15 11 10 4 1 3 13 8 14 6 12 9
3 13 14 4 16 1 8 5 12 9 6 15 7 10 11 2
9 12 10 1 7 13 3 6 5 11 14 2 16 15 8 4
8 11 6 15 14 2 12 9 16 10 4 7 5 3 1 13
10 4 15 7 6 14 5 11 13 16 12 3 1 9 2 8
2 14 12 16 13 9 15 8 6 7 11 1 3 4 5 10
5 1 8 13 12 16 7 3 9 4 2 10 6 11 15 14
11 6 9 3 2 10 4 1 15 14 8 5 13 12 7 16


25x25 grid

8 25
13 5 1 12 10 9 25 7 18 6 8 11 17 16 3 20 15 19 24 14 21 2 23 4 22
25 16 18 6 19 5 11 21 3 8 1 4 24 9 23 12 22 2 17 7 15 20 10 14 13
21 14 23 17 3 22 16 12 2 19 7 5 10 20 15 8 25 1 13 4 18 24 6 9 11
15 20 11 24 4 1 10 23 14 17 22 6 13 25 2 9 21 16 5 18 8 12 7 3 19
2 9 22 7 8 13 4 15 24 20 19 21 12 14 18 23 11 6 10 3 25 17 1 16 5
9 23 2 3 18 4 21 14 11 7 24 8 5 1 20 25 13 10 19 12 17 22 16 15 6
24 8 15 19 21 20 18 9 16 3 2 10 23 13 12 14 6 7 22 17 1 25 5 11 4
22 6 25 16 12 15 23 10 17 5 18 19 4 21 14 2 1 3 8 11 9 7 24 13 20
10 13 5 1 20 8 19 6 12 22 3 25 11 17 7 4 9 24 16 15 14 23 18 21 2
17 11 7 4 14 25 2 1 13 24 15 22 16 6 9 21 5 18 23 20 10 8 3 19 12
1 22 3 15 16 18 8 4 10 14 12 13 25 11 21 17 23 9 2 19 7 5 20 6 24
8 18 24 11 6 2 1 3 21 9 20 14 15 7 5 13 16 22 4 10 23 19 12 25 17
4 21 13 2 7 12 5 16 19 23 17 24 8 22 1 15 3 25 20 6 11 18 9 10 14
20 10 17 5 25 24 13 11 6 15 4 9 3 23 19 7 18 14 12 1 2 21 22 8 16
23 12 19 14 9 7 20 17 22 25 10 16 2 18 6 5 24 11 21 8 3 4 13 1 15
16 2 8 20 23 19 17 24 15 4 11 12 6 10 25 1 14 5 18 9 13 3 21 22 7
14 1 21 22 17 10 9 13 23 11 5 18 20 4 8 24 7 12 3 16 19 6 15 2 25
7 25 9 10 15 21 22 8 5 12 16 3 14 2 13 11 19 20 6 23 24 1 4 17 18
6 3 4 13 11 14 7 20 25 18 23 1 19 24 22 10 2 17 15 21 5 16 8 12 9
5 19 12 18 24 6 3 2 1 16 9 7 21 15 17 22 4 8 25 13 20 14 11 23 10
12 24 10 25 22 3 14 5 9 1 13 15 18 8 4 16 17 23 7 2 6 11 19 20 21
11 15 6 23 5 17 24 25 4 10 14 20 9 19 16 18 8 21 1 22 12 13 2 7 3
18 4 20 8 2 23 6 19 7 21 25 17 22 12 11 3 10 13 9 24 16 15 14 5 1
3 7 16 21 13 11 15 18 20 2 6 23 1 5 10 19 12 4 14 25 22 9 17 24 8
19 17 14 9 1 16 12 22 8 13 21 2 7 3 24 6 20 15 11 5 4 10 25 18 23


36x36 grid

8 36
33 1 11 9 17 28 23 26 19 16 25 13 5 18 24 36 22 3 15 14 6 32 20 4 7 8 27 21 29 34 31 30 2 35 12 10
23 26 19 13 25 16 5 22 24 3 18 36 15 6 20 32 14 4 7 8 29 21 27 34 31 30 2 35 12 10 33 1 11 9 17 28
5 22 24 36 18 3 15 14 20 4 6 32 7 29 27 21 8 34 31 30 12 35 2 10 33 1 11 9 17 28 23 26 19 13 25 16
15 14 20 32 6 4 7 8 27 34 29 21 31 12 2 35 30 10 33 1 17 9 11 28 23 26 19 13 25 16 5 22 24 36 18 3
7 8 27 21 29 34 31 30 2 10 12 35 33 17 11 9 1 28 23 26 25 13 19 16 5 22 24 36 18 3 15 14 20 32 6 4
31 30 2 35 12 10 33 1 11 28 17 9 23 25 19 13 26 16 5 22 18 36 24 3 15 14 20 32 6 4 7 8 27 21 29 34
1 11 9 17 28 23 26 19 13 5 16 25 22 3 36 18 24 15 14 20 4 6 32 7 8 27 21 29 34 31 30 2 35 12 10 33
26 19 13 25 16 5 22 24 36 15 3 18 14 4 32 6 20 7 8 27 34 29 21 31 30 2 35 12 10 33 1 11 9 17 28 23
22 24 36 18 3 15 14 20 32 7 4 6 8 34 21 29 27 31 30 2 10 12 35 33 1 11 9 17 28 23 26 19 13 25 16 5
14 20 32 6 4 7 8 27 21 31 34 29 30 10 35 12 2 33 1 11 28 17 9 23 26 19 13 25 16 5 22 24 36 18 3 15
8 27 21 29 34 31 30 2 35 33 10 12 1 28 9 17 11 23 26 19 16 25 13 5 22 24 36 18 3 15 14 20 32 6 4 7
30 2 35 12 10 33 1 11 9 23 28 17 26 16 13 25 19 5 22 24 3 18 36 15 14 20 32 6 4 7 8 27 21 29 34 31
11 9 17 28 23 26 19 13 25 22 5 16 24 15 18 3 36 14 20 32 7 4 6 8 27 21 29 34 31 30 2 35 12 10 33 1
19 13 25 16 5 22 24 36 18 14 15 3 20 7 6 4 32 8 27 21 31 34 29 30 2 35 12 10 33 1 11 9 17 28 23 26
24 36 18 3 15 14 20 32 6 8 7 4 27 31 29 34 21 30 2 35 33 10 12 1 11 9 17 28 23 26 19 13 25 16 5 22
20 32 6 4 7 8 27 21 29 30 31 34 2 33 12 10 35 1 11 9 23 28 17 26 19 13 25 16 5 22 24 36 18 3 15 14
27 21 29 34 31 30 2 35 12 1 33 10 11 23 17 28 9 26 19 13 5 16 25 22 24 36 18 3 15 14 20 32 6 4 7 8
2 35 12 10 33 1 11 9 17 26 23 28 19 5 25 16 13 22 24 36 15 3 18 14 20 32 6 4 7 8 27 21 29 34 31 30
9 17 28 23 26 19 13 25 16 24 22 5 36 14 3 15 18 20 32 6 8 7 4 27 21 29 34 31 30 2 35 12 10 33 1 11
13 25 16 5 22 24 36 18 3 20 14 15 32 8 4 7 6 27 21 29 30 31 34 2 35 12 10 33 1 11 9 17 28 23 26 19
36 18 3 15 14 20 32 6 4 27 8 7 21 30 34 31 29 2 35 12 1 33 10 11 9 17 28 23 26 19 13 25 16 5 22 24
32 6 4 7 8 27 21 29 34 2 30 31 35 1 10 33 12 11 9 17 26 23 28 19 13 25 16 5 22 24 36 18 3 15 14 20
21 29 34 31 30 2 35 12 10 11 1 33 9 26 28 23 17 19 13 25 22 5 16 24 36 18 3 15 14 20 32 6 4 7 8 27
35 12 10 33 1 11 9 17 28 19 26 23 13 22 16 5 25 24 36 18 14 15 3 20 32 6 4 7 8 27 21 29 34 31 30 2
17 28 23 26 19 13 25 16 5 36 24 22 18 20 15 14 3 32 6 4 27 8 7 21 29 34 31 30 2 35 12 10 33 1 11 9
18 3 15 14 20 32 6 4 7 21 27 8 29 2 31 30 34 35 12 10 11 1 33 9 17 28 23 26 19 13 25 16 5 22 24 36
25 16 5 22 24 36 18 3 15 32 20 14 6 27 7 8 4 21 29 34 2 30 31 35 12 10 33 1 11 9 17 28 23 26 19 13
6 4 7 8 27 21 29 34 31 35 2 30 12 11 33 1 10 9 17 28 19 26 23 13 25 16 5 22 24 36 18 3 15 14 20 32
29 34 31 30 2 35 12 10 33 9 11 1 17 19 23 26 28 13 25 16 24 22 5 36 18 3 15 14 20 32 6 4 7 8 27 21
12 10 33 1 11 9 17 28 23 13 19 26 25 24 5 22 16 36 18 3 20 14 15 32 6 4 7 8 27 21 29 34 31 30 2 35
28 23 26 19 13 25 16 5 22 18 36 24 3 32 14 20 15 6 4 7 21 27 8 29 34 31 30 2 35 12 10 33 1 11 9 17
16 5 22 24 36 18 3 15 14 6 32 20 4 21 8 27 7 29 34 31 35 2 30 12 10 33 1 11 9 17 28 23 26 19 13 25
3 15 14 20 32 6 4 7 8 29 21 27 34 35 30 2 31 12 10 33 9 11 1 17 28 23 26 19 13 25 16 5 22 24 36 18
4 7 8 27 21 29 34 31 30 12 35 2 10 9 1 11 33 17 28 23 13 19 26 25 16 5 22 24 36 18 3 15 14 20 32 6
34 31 30 2 35 12 10 33 1 17 9 11 28 13 26 19 23 25 16 5 36 24 22 18 3 15 14 20 32 6 4 7 8 27 21 29
10 33 1 11 9 17 28 23 26 25 13 19 16 36 22 24 5 18 3 15 32 20 14 6 4 7 8 27 21 29 34 31 30 2 35 12


49x49 grid

8 49
14 26 15 29 7 45 6 30 23 19 46 16 44 43 10 4 11 24 2 9 13 40 1 31 8 48 5 17 42 47 18 34 25 38 37 22 12 21 39 36 35 20 33 32 41 49 28 27 3
24 14 8 11 27 30 1 42 28 23 36 37 7 46 44 25 29 15 20 4 49 34 9 21 48 16 33 41 35 31 3 45 12 2 32 5 43 17 19 10 26 22 47 13 40 18 6 39 38
29 44 38 43 17 4 47 20 32 42 40 21 34 22 31 11 15 6 39 3 12 27 7 48 49 2 25 18 16 28 19 1 9 36 5 35 24 23 33 37 14 26 10 8 46 13 41 30 45
43 5 27 26 24 34 22 2 21 37 4 13 9 6 45 33 47 46 16 1 7 11 41 18 3 14 19 32 38 17 23 29 20 25 28 42 35 8 30 40 15 31 12 10 39 48 49 44 36
4 6 13 19 34 11 42 16 49 46 21 22 40 17 20 30 28 45 43 39 38 14 2 24 12 36 26 33 8 3 5 15 41 27 25 9 32 31 37 48 10 7 44 35 18 29 1 23 47
36 8 29 5 33 31 25 21 43 24 37 19 6 47 34 40 30 44 9 17 20 48 3 14 23 10 32 46 15 18 38 12 1 45 27 39 42 41 35 7 13 49 2 22 28 11 16 26 4
19 13 40 4 38 39 18 11 36 33 23 14 37 9 6 20 24 42 47 48 31 22 44 12 10 1 45 26 7 43 21 27 2 32 46 28 41 35 8 16 34 25 17 49 3 15 29 5 30
31 41 20 34 11 44 24 17 6 28 22 9 32 40 36 45 14 12 29 47 18 35 26 19 42 7 2 38 48 10 13 49 43 23 1 16 33 46 25 39 8 4 30 21 15 5 37 3 27
32 29 35 10 37 24 21 39 41 6 1 23 13 3 2 31 42 17 15 45 44 43 14 33 26 9 40 47 27 11 49 48 8 20 18 30 38 28 5 46 22 12 16 25 19 36 7 4 34
45 38 46 14 28 3 16 10 25 11 35 30 21 20 5 29 44 9 41 27 1 4 22 39 40 8 31 12 49 26 36 42 19 13 48 23 17 34 2 47 18 43 6 24 7 37 33 32 15
35 48 5 12 13 36 14 47 39 43 42 3 46 11 41 21 38 10 45 8 15 25 49 44 18 32 6 37 30 23 9 4 40 26 29 19 7 22 16 24 28 27 1 20 34 33 17 2 31
44 43 7 9 21 46 11 28 42 15 34 2 25 41 26 16 27 48 1 49 32 17 45 47 36 23 20 22 33 39 29 10 24 8 40 14 37 4 18 6 19 30 13 38 35 31 3 12 5
41 22 47 42 45 27 26 8 4 20 3 39 38 28 35 5 48 34 44 46 37 24 16 7 17 33 18 6 13 21 2 32 11 40 49 36 23 29 12 31 1 14 15 30 25 10 9 43 19
21 30 19 46 26 43 27 9 17 16 24 38 29 18 32 12 7 40 48 36 3 45 10 8 2 6 47 11 41 25 33 23 5 39 22 31 1 13 44 14 49 34 28 42 37 4 20 15 35
13 2 39 7 30 22 28 46 34 17 18 6 3 26 49 1 12 21 19 41 11 47 32 25 5 31 15 29 10 35 16 40 4 48 23 43 14 44 24 27 36 9 37 33 20 38 42 45 8
3 40 2 21 32 16 5 23 31 29 39 10 36 37 1 15 35 18 22 43 9 41 8 42 20 49 24 4 47 7 17 44 14 46 34 25 28 27 13 33 45 38 19 11 26 30 48 6 12
34 4 30 18 42 33 48 25 27 49 32 29 14 2 40 17 23 41 46 19 36 20 15 22 16 5 21 45 28 6 12 37 3 47 9 8 26 24 7 38 39 1 11 31 10 44 35 13 43
9 7 45 30 35 8 40 38 48 10 15 33 12 25 18 27 41 37 31 28 42 44 23 2 32 11 16 13 1 36 4 24 22 34 43 6 3 20 49 29 46 39 26 5 14 19 47 21 17
38 24 34 44 41 25 12 37 46 9 13 35 27 48 28 43 45 36 4 16 47 39 33 11 30 17 22 10 20 15 1 14 49 31 2 3 40 5 32 21 29 8 23 18 42 6 26 19 7
12 17 42 41 22 35 32 3 26 18 5 47 1 33 9 10 36 39 37 14 28 29 24 49 38 19 46 16 45 2 31 30 13 4 8 15 21 7 40 44 23 6 20 27 43 34 25 11 48
15 46 11 35 29 38 20 4 22 41 30 5 45 13 48 36 37 14 7 18 8 26 21 43 39 3 1 24 2 19 34 25 31 9 33 47 27 12 6 28 32 16 40 17 23 42 44 49 10
39 31 22 47 5 13 37 41 33 8 20 40 15 12 7 2 6 28 36 30 48 32 17 1 25 38 49 43 14 42 24 35 27 19 3 11 4 10 34 26 16 23 18 9 44 21 45 46 29
33 19 24 48 47 49 41 32 40 39 11 31 35 36 21 44 8 20 10 38 14 1 46 37 13 12 7 2 25 22 28 17 26 43 6 4 18 42 15 30 5 29 45 3 16 27 34 9 23
20 25 14 16 10 29 2 5 1 40 47 11 33 39 15 48 34 19 23 44 46 7 42 36 45 27 8 30 12 32 26 38 18 28 24 49 13 37 3 22 9 21 35 4 31 17 43 41 6
40 33 26 32 19 1 36 44 3 12 48 18 22 31 16 14 17 4 24 10 2 5 30 15 34 46 27 20 37 41 35 8 23 11 45 38 47 39 21 25 6 28 29 43 49 7 13 42 9
23 18 16 2 48 12 35 24 19 22 8 36 41 34 46 6 1 47 32 25 33 38 39 28 4 29 30 42 21 49 7 43 17 14 31 10 44 26 45 9 40 3 5 15 27 20 11 37 13
48 10 23 17 36 5 3 13 18 25 29 44 43 15 19 7 20 1 26 12 30 33 38 27 24 34 42 8 9 4 37 22 47 35 16 2 46 14 28 45 21 41 49 6 11 40 39 31 32
46 34 31 24 14 17 15 48 5 13 19 43 28 45 30 26 39 32 42 22 25 23 11 6 37 18 44 36 40 33 41 3 10 49 20 21 2 9 4 35 27 47 7 29 38 12 8 16 1
37 23 12 25 20 21 10 1 29 4 17 15 31 44 33 42 26 16 14 6 22 18 27 30 28 13 48 19 36 46 39 9 35 5 47 7 11 3 41 49 43 32 38 45 8 24 2 34 40
49 20 44 28 25 14 13 36 12 7 45 26 4 10 43 37 9 27 17 2 5 3 18 46 31 24 34 48 32 1 47 33 21 16 11 41 15 38 23 8 30 35 42 40 6 22 19 29 39
47 3 32 13 39 6 45 35 20 5 33 27 42 8 23 28 49 2 30 7 17 16 36 29 9 41 4 14 31 24 44 46 37 12 38 18 10 48 43 1 11 15 34 19 22 25 21 40 26
7 15 43 1 9 18 46 12 11 45 10 28 26 21 27 39 25 22 35 34 19 6 5 38 29 44 3 49 23 8 40 13 33 37 14 17 30 47 31 20 42 48 4 41 2 32 24 36 16
2 36 18 3 31 41 34 15 8 38 44 1 24 32 22 49 13 11 21 35 23 46 12 4 33 40 17 28 29 20 43 16 30 6 7 27 39 45 48 19 37 10 25 26 47 9 5 14 42
11 39 48 20 23 37 19 6 7 21 38 42 47 29 17 24 16 43 25 31 26 8 35 3 15 28 12 5 44 30 14 18 36 10 13 32 9 49 46 4 41 40 27 34 45 1 22 33 2
16 47 17 38 6 7 31 29 44 14 9 8 48 49 12 22 33 23 34 13 43 2 19 10 27 15 28 25 46 40 32 20 45 30 42 24 5 36 26 11 3 37 21 1 4 39 18 35 41
28 37 6 22 12 32 44 26 10 36 31 7 17 24 39 23 18 25 8 5 4 49 20 45 21 42 35 9 3 13 27 19 16 1 15 29 34 40 14 43 38 11 41 2 33 47 30 48 46
22 27 36 45 4 26 38 49 16 1 2 48 18 14 24 46 32 5 28 37 29 30 25 23 35 47 11 3 6 12 10 41 42 15 44 13 20 43 9 34 31 19 39 7 21 8 40 17 33
26 45 4 36 2 9 33 43 14 32 28 41 16 42 38 47 3 30 6 29 27 19 40 13 1 35 39 31 17 34 8 21 7 18 12 37 49 25 11 15 24 5 22 46 48 23 10 20 44
27 11 9 40 15 23 49 14 2 44 41 17 8 35 37 38 10 26 5 33 6 21 13 34 19 4 36 7 43 48 42 31 28 3 30 1 22 16 47 12 20 24 46 39 29 45 32 18 25
1 32 25 23 18 10 29 27 47 2 12 4 30 16 11 8 5 35 3 24 21 28 34 40 22 43 37 39 19 9 45 26 48 33 17 44 6 15 20 41 7 42 36 14 13 46 31 38 49
10 35 41 15 8 42 43 34 45 31 14 20 49 27 47 3 21 33 11 40 39 13 48 9 7 37 38 1 18 44 6 5 46 17 19 26 25 30 29 23 12 36 32 16 24 2 4 22 28
6 21 3 8 16 40 4 7 30 34 43 46 5 1 29 35 19 49 18 23 45 42 47 20 14 26 10 44 11 27 15 28 38 24 39 48 31 2 22 13 33 17 9 12 32 41 36 25 37
30 1 21 6 43 20 7 40 13 47 27 49 11 38 14 19 46 3 12 42 41 37 31 5 44 45 9 23 4 16 48 2 39 29 35 34 36 33 10 32 25 18 24 28 17 26 15 8 22
17 16 49 31 1 2 9 33 37 30 25 34 39 19 3 18 4 8 38 11 40 15 43 35 41 21 13 27 24 29 20 7 32 22 26 12 45 6 42 5 44 46 48 47 36 28 23 10 14
18 9 1 39 3 28 23 45 15 35 49 32 10 5 25 13 22 38 33 26 24 31 29 41 47 30 43 40 34 37 46 11 6 42 4 20 8 19 17 2 48 44 14 36 12 16 27 7 21
5 12 10 27 44 19 8 18 24 48 6 25 20 30 13 41 40 31 49 15 34 9 4 17 46 39 23 35 26 38 22 47 29 7 21 33 16 32 36 42 2 45 43 37 1 3 14 28 11
25 42 28 49 46 15 30 22 38 3 26 45 23 7 8 34 2 13 27 32 35 36 37 16 43 20 29 21 39 5 11 6 44 41 10 40 19 18 1 17 4 33 31 48 9 14 12 47 24
42 49 37 33 40 48 17 31 9 27 16 24 19 23 4 32 43 7 13 20 10 12 28 26 6 22 41 15 5 14 25 39 34 21 36 45 29 11 38 3 47 2 8 44 30 35 46 1 18
8 28 33 37 49 47 39 19 35 26 7 12 2 4 42 9 31 29 40 21 16 10 6 32 11 25 14 34 22 45 30 36 15 44 41 46 48 1 27 18 17 13 3 23 5 43 38 24 20


64x64 grid

8 64
20 7 63 19 42 61 27 53 56 38 58 62 6 60 1 43 33 29 15 52 32 64 3 5 55 45 4 14 54 57 41 16 50 22 44 51 48 28 9 30 12 18 2 10 36 59 21 46 11 24 49 8 40 17 35 23 13 34 25 39 37 31 47 26
60 62 1 43 6 58 56 38 45 41 57 4 14 54 16 55 48 22 50 51 30 9 44 28 15 3 29 5 33 32 64 52 17 49 11 23 40 8 24 35 31 37 39 26 13 25 47 34 21 46 12 2 36 59 18 10 20 53 19 42 61 7 27 63
33 29 52 15 5 32 3 64 44 9 30 22 28 48 51 50 36 12 59 10 18 46 21 2 17 11 49 8 40 35 24 23 25 31 47 26 13 39 34 37 62 58 6 1 60 43 56 38 27 53 7 42 20 19 61 63 54 41 55 14 57 4 45 16
48 22 51 50 28 30 44 9 11 24 35 49 8 40 23 17 13 31 25 26 37 34 47 39 59 21 12 2 36 18 46 10 19 7 27 63 20 42 53 61 4 57 14 16 54 55 45 41 56 38 62 6 60 43 58 1 33 64 15 5 32 29 3 52
13 31 26 25 39 37 47 34 27 53 61 7 42 20 63 19 54 4 55 16 57 41 45 14 43 56 62 6 60 58 38 1 15 29 3 52 33 5 64 32 49 35 8 23 40 17 11 24 44 9 22 28 48 50 30 51 36 46 59 2 18 12 21 10
40 49 23 17 8 35 11 24 21 46 18 12 2 36 10 59 20 7 19 63 61 53 27 42 25 47 31 39 13 37 34 26 43 62 56 1 60 6 38 58 29 32 5 52 33 15 3 64 45 41 4 14 54 55 57 16 48 9 50 28 30 22 44 51
36 12 10 59 2 18 21 46 47 34 37 31 39 13 26 25 60 62 43 1 58 38 56 6 19 27 7 42 20 61 53 63 55 4 45 16 54 14 41 57 22 30 28 51 48 50 44 9 3 64 29 5 33 15 32 52 40 24 17 8 35 49 11 23
54 4 16 55 14 57 45 41 3 64 32 29 5 33 52 15 40 49 17 23 35 24 11 8 50 44 22 28 48 30 9 51 59 12 21 10 36 2 46 18 7 61 42 63 20 19 27 53 47 34 31 39 13 25 37 26 60 38 43 6 58 62 56 1
15 5 7 52 3 64 32 33 30 48 9 28 44 50 62 51 59 2 10 29 46 36 18 21 23 35 8 11 17 24 40 4 26 39 37 22 25 47 13 34 6 38 56 12 43 1 58 60 61 20 42 27 19 63 53 49 55 54 16 45 41 14 57 31
19 42 49 63 27 53 61 20 58 60 38 6 56 43 12 1 15 5 52 7 64 33 32 3 16 57 14 45 55 41 54 31 51 28 30 62 50 44 48 9 2 46 21 29 59 10 18 36 35 40 8 11 17 23 24 4 25 13 26 47 34 39 37 22
17 8 4 23 11 24 35 40 18 36 46 2 21 59 29 10 19 42 63 49 53 20 61 27 26 37 39 47 25 34 13 22 1 6 58 12 43 56 60 38 5 64 3 7 15 52 32 33 57 54 14 45 55 16 41 31 50 48 51 44 9 28 30 62
25 39 22 26 47 34 37 13 61 20 53 42 27 19 49 63 55 14 16 31 41 54 57 45 1 58 6 56 43 38 60 12 52 5 32 7 15 3 33 64 8 24 11 4 17 23 35 40 30 48 28 44 50 51 9 62 59 36 10 21 46 2 18 29
59 2 29 10 21 46 18 36 37 13 34 39 47 25 22 26 43 6 1 12 38 60 58 56 63 61 42 27 19 53 20 49 16 14 57 31 55 45 54 41 28 9 44 62 50 51 30 48 32 33 5 3 15 52 64 7 17 40 23 11 24 8 35 4
50 28 62 51 44 9 30 48 35 40 24 8 11 17 4 23 25 39 26 22 34 13 37 47 10 18 2 21 59 46 36 29 63 42 61 49 19 27 20 53 14 41 45 31 55 16 57 54 58 60 6 56 43 1 38 12 15 33 52 3 64 5 32 7
55 14 31 16 45 41 57 54 32 33 64 5 3 15 7 52 17 8 23 4 24 40 35 11 51 30 28 44 50 9 48 62 10 2 18 29 59 21 36 46 42 53 27 49 19 63 61 20 37 13 39 47 25 26 34 22 43 60 1 56 38 6 58 12
43 6 12 1 56 38 58 60 57 54 41 14 45 55 31 16 50 28 51 62 9 48 30 44 52 32 5 3 15 64 33 7 23 8 35 4 17 11 40 24 39 34 47 22 25 26 37 13 18 36 2 21 59 10 46 29 19 20 63 27 53 42 61 49
6 9 58 56 48 51 50 62 17 4 23 24 40 14 57 45 28 34 44 30 26 22 25 13 3 59 46 36 5 10 29 32 11 53 19 35 8 20 49 63 41 16 54 37 39 47 55 31 43 12 38 60 2 21 1 18 42 7 27 33 52 64 15 61
14 24 57 45 40 23 17 4 59 29 10 46 36 5 32 3 8 53 11 35 63 49 19 20 44 25 34 13 28 26 22 30 21 38 43 18 2 60 12 1 64 52 33 61 42 27 15 7 55 31 41 54 39 47 16 37 6 62 56 48 51 9 50 58
2 38 18 21 60 1 43 12 55 31 16 41 54 39 37 47 6 9 56 58 51 62 50 48 27 15 64 33 42 52 7 61 45 24 17 57 14 40 4 23 34 26 13 30 28 44 25 22 59 29 46 36 5 3 10 32 8 49 11 20 63 53 19 35
28 34 30 44 13 26 25 22 19 49 63 53 20 8 35 11 39 41 47 37 16 31 55 54 21 43 38 60 2 1 12 18 27 64 15 61 42 33 7 52 24 23 40 57 14 45 17 4 50 62 9 48 6 56 51 58 5 29 3 36 10 46 59 32
42 64 61 27 33 52 15 7 50 62 51 9 48 6 58 56 5 46 3 32 10 29 59 36 45 17 24 40 14 23 4 57 44 34 25 30 28 13 22 26 38 1 60 18 2 21 43 12 19 49 53 20 8 11 63 35 39 31 47 54 16 41 55 37
39 41 37 47 54 16 55 31 15 7 52 64 33 42 61 27 14 24 45 57 23 4 17 40 56 50 9 48 6 51 62 58 3 46 59 32 5 36 29 10 53 63 20 35 8 11 19 49 25 22 34 13 28 44 26 30 2 12 21 60 1 38 43 18
5 46 32 3 36 10 59 29 25 22 26 34 13 28 30 44 2 38 21 18 1 12 43 60 11 19 53 20 8 63 49 35 47 41 55 37 39 54 31 16 9 51 48 58 6 56 50 62 15 7 64 33 42 27 52 61 14 4 45 40 23 24 17 57
8 53 35 11 20 63 19 49 43 12 1 38 60 2 18 21 42 64 27 61 52 7 15 33 47 55 41 54 39 16 31 37 56 9 50 58 6 48 62 51 46 10 36 32 5 3 59 29 17 4 24 40 14 45 23 57 28 22 44 13 26 34 25 30
7 32 27 42 64 15 33 52 48 51 50 30 9 62 56 6 29 18 5 3 59 10 36 46 14 40 35 24 4 17 23 45 28 37 13 44 22 34 26 25 58 43 38 21 12 2 60 1 20 63 61 53 49 8 19 11 31 16 39 41 55 57 54 47
31 57 47 39 41 55 54 16 33 52 15 32 64 7 27 42 4 35 14 45 17 23 40 24 6 48 30 9 62 50 51 56 5 18 36 3 29 46 10 59 61 19 53 11 49 8 20 63 13 26 37 34 22 28 25 44 12 1 2 38 43 58 60 21
49 61 11 8 53 19 20 63 60 1 43 58 38 12 21 2 7 32 42 27 15 52 33 64 39 54 57 41 31 55 16 47 6 30 48 56 62 9 51 50 18 59 46 3 29 5 36 10 40 23 35 24 4 14 17 45 22 26 28 34 25 37 13 44
12 58 21 2 38 43 60 1 54 16 55 57 41 31 47 39 62 30 6 56 50 51 48 9 42 33 32 64 7 15 52 27 14 35 40 45 4 24 23 17 37 25 34 44 22 28 13 26 36 10 18 46 29 5 59 3 49 63 8 53 19 61 20 11
29 18 3 5 46 59 36 10 13 26 25 37 34 22 44 28 12 58 2 21 43 1 60 38 8 20 61 53 49 19 63 11 39 57 54 47 31 41 16 55 30 50 9 56 62 6 48 51 33 52 32 64 7 42 15 27 4 23 14 24 17 35 40 45
4 35 45 14 24 17 40 23 36 10 59 18 46 29 3 5 49 61 8 11 19 63 20 53 28 13 37 34 22 25 26 44 2 58 60 21 12 38 1 43 32 15 64 27 7 42 33 52 54 16 57 41 31 39 55 47 62 51 6 9 50 30 48 56
62 30 56 6 9 50 48 51 40 23 17 35 24 4 45 14 22 37 28 44 25 26 13 34 5 36 18 46 29 59 10 3 8 61 20 11 49 53 63 19 57 55 41 47 31 39 54 16 60 1 58 38 12 2 43 21 7 52 42 64 15 32 33 27
22 37 44 28 34 25 13 26 20 63 19 61 53 49 11 8 31 57 39 47 55 16 54 41 2 60 58 38 12 43 1 21 42 32 33 27 7 64 52 15 35 17 24 45 4 14 40 23 48 51 30 9 62 6 50 56 29 10 5 46 59 18 36 3
35 19 40 24 63 8 49 11 12 21 2 43 1 18 36 46 61 15 53 20 42 27 7 52 34 31 55 16 37 39 47 13 38 50 62 60 58 51 56 6 59 5 10 33 32 64 29 3 4 45 17 23 57 41 14 54 30 44 9 26 28 25 22 48
18 43 36 46 1 2 12 21 31 47 39 55 16 37 13 34 58 50 38 60 6 56 62 51 53 7 15 52 61 42 27 20 41 17 4 54 57 23 45 14 25 28 26 48 30 9 22 44 29 3 59 10 32 64 5 33 35 11 24 63 8 19 49 40
32 59 33 64 10 5 29 3 22 44 28 25 26 30 48 9 18 43 46 36 2 21 12 1 24 49 19 63 35 8 11 40 34 55 31 13 37 16 47 39 50 6 51 60 58 38 62 56 7 27 15 52 61 53 42 20 57 45 41 23 14 17 4 54
61 15 20 53 52 42 7 27 62 56 6 50 51 58 60 38 32 59 64 33 5 3 29 10 41 4 17 23 57 14 45 54 9 25 22 48 30 26 44 28 43 2 1 36 18 46 12 21 49 11 19 63 35 24 8 40 37 47 34 16 39 55 31 13
57 17 54 41 23 14 4 45 29 3 5 59 10 32 33 64 35 19 24 40 8 11 49 63 9 22 25 26 30 28 44 48 46 43 12 36 18 1 21 2 15 42 52 20 61 53 7 27 31 47 55 16 37 34 39 13 58 56 38 51 6 50 62 60
30 25 48 9 26 28 22 44 49 11 8 19 63 35 40 24 37 55 34 13 39 47 31 16 46 12 43 1 18 2 21 36 53 15 7 20 61 52 27 42 17 14 23 54 57 41 4 45 62 56 50 51 58 38 6 60 32 3 64 10 5 59 29 33
37 55 13 34 16 39 31 47 7 27 42 15 52 61 20 53 57 17 41 54 14 45 4 23 38 62 50 51 58 6 56 60 64 59 29 33 32 10 3 5 19 8 63 40 35 24 49 11 22 44 25 26 30 9 28 48 18 21 46 1 2 43 12 36
58 50 60 38 51 6 62 56 4 45 14 17 23 57 54 41 30 25 9 48 28 44 22 26 64 29 59 10 32 5 3 33 24 19 49 40 35 63 11 8 55 39 16 13 37 34 31 47 12 21 43 1 18 46 2 36 61 27 53 52 42 15 7 20
45 40 41 57 17 4 23 14 10 5 29 36 59 3 64 32 11 20 35 24 49 8 63 19 30 26 13 25 44 22 28 9 18 60 1 46 21 43 2 12 33 7 15 53 27 61 52 42 16 39 54 55 47 37 31 34 56 6 58 50 62 48 51 38
21 60 46 18 43 12 1 2 16 39 31 54 55 47 34 37 56 48 58 38 62 6 51 50 61 52 33 15 27 7 42 53 57 40 23 41 45 17 14 4 13 22 25 9 44 30 26 28 10 5 36 59 3 32 29 64 11 8 35 19 49 20 63 24
27 33 53 61 15 7 52 42 51 6 62 48 50 56 38 58 3 36 32 64 29 5 10 59 57 23 40 17 45 4 14 41 30 13 26 9 44 25 28 22 60 12 43 46 21 18 1 2 63 8 20 19 11 35 49 24 47 39 37 55 31 54 16 34
11 20 24 35 19 49 63 8 1 2 12 60 43 21 46 18 27 33 61 53 7 42 52 15 37 16 54 55 47 31 39 34 58 48 51 38 56 50 6 62 36 29 59 64 3 32 10 5 23 14 40 17 45 57 4 41 44 28 30 25 22 13 26 9
44 13 9 30 25 22 26 28 63 8 49 20 19 11 24 35 47 54 37 34 31 39 16 55 18 1 60 43 21 12 2 46 61 33 52 53 27 15 42 7 40 4 17 41 45 57 23 14 51 6 48 50 56 58 62 38 3 5 32 59 29 36 10 64
3 36 64 32 59 29 10 5 26 28 22 13 25 44 9 30 21 60 18 46 12 2 1 43 35 63 20 19 11 49 8 24 37 54 16 34 47 55 39 31 48 62 50 38 56 58 51 6 52 42 33 15 27 61 7 53 45 14 57 17 4 40 23 41
47 54 34 37 55 31 16 39 52 42 7 33 15 27 53 61 45 40 57 41 4 14 23 17 58 51 48 50 56 62 6 38 32 36 10 64 3 59 5 29 20 49 19 24 11 35 63 8 26 28 13 25 44 30 22 9 21 2 18 43 12 60 1 46
56 48 38 58 50 62 51 6 23 14 4 40 17 45 41 57 44 13 30 9 22 28 26 25 32 10 36 59 3 29 5 64 35 20 63 24 11 19 8 49 54 31 55 34 47 37 16 39 1 2 60 43 21 18 12 46 27 42 61 15 7 33 52 53
9 26 50 48 22 44 28 30 8 35 11 63 49 24 17 40 34 16 13 25 47 37 39 31 36 2 1 12 46 21 18 59 20 52 42 19 53 7 61 27 23 45 4 55 41 54 14 57 6 58 51 62 38 60 56 43 64 32 33 29 3 10 5 15
53 52 19 20 7 27 42 61 6 58 56 51 62 38 43 60 64 10 33 15 3 32 5 29 54 14 23 4 41 45 57 55 48 26 28 50 9 22 30 44 1 21 12 59 46 36 2 18 8 35 63 49 24 40 11 17 34 37 13 31 47 16 39 25
34 16 25 13 31 47 39 37 42 61 27 52 7 53 19 20 41 23 54 55 45 57 14 4 60 6 51 62 38 56 58 43 33 10 5 15 64 29 32 3 63 11 49 17 24 40 8 35 28 30 26 22 9 48 44 50 46 18 36 12 21 1 2 59
24 63 17 40 49 11 8 35 2 18 21 1 12 46 59 36 53 52 20 19 27 61 42 7 13 39 16 31 34 47 37 25 60 51 6 43 38 62 58 56 10 3 29 15 64 33 5 32 14 57 23 4 41 54 45 55 9 30 48 22 44 26 28 50
41 23 55 54 4 45 14 57 5 32 3 10 29 64 15 33 24 63 40 17 11 35 8 49 48 28 26 22 9 44 30 50 36 1 2 59 46 12 18 21 52 27 7 19 53 20 42 61 39 37 16 31 34 13 47 25 38 58 60 62 56 51 6 43
46 1 59 36 12 21 2 18 39 37 47 16 31 34 25 13 38 51 60 43 56 58 6 62 20 42 52 7 53 27 61 19 54 23 14 55 41 4 57 45 26 44 22 50 9 48 28 30 5 32 10 29 64 33 3 15 24 35 40 49 11 63 8 17
64 10 15 33 29 3 5 32 28 30 44 26 22 9 50 48 46 1 36 59 21 18 2 12 40 8 63 49 24 11 35 17 13 16 39 25 34 31 37 47 51 56 62 43 38 60 6 58 42 61 52 7 53 20 27 19 41 57 54 4 45 23 14 55
38 51 43 60 62 56 6 58 14 57 45 23 4 41 55 54 9 26 48 50 44 30 28 22 33 5 10 29 64 3 32 15 40 63 8 17 24 49 35 11 16 47 31 25 34 13 39 37 2 18 1 12 46 36 21 59 53 61 20 7 27 52 42 19
1 56 2 12 58 60 38 43 41 55 54 45 57 16 39 31 51 44 62 6 48 50 9 30 7 64 3 32 52 33 15 42 4 11 24 14 23 35 17 40 47 13 37 28 26 22 34 25 46 59 21 18 10 29 36 5 63 19 49 61 20 27 53 8
23 11 14 4 35 40 24 17 46 59 36 21 18 10 5 29 63 27 49 8 20 19 53 61 22 34 47 37 26 13 25 28 12 56 38 2 1 58 43 60 3 33 32 42 52 7 64 15 41 55 45 57 16 31 54 39 51 50 62 30 48 44 9 6
16 45 39 31 57 54 41 55 64 15 33 3 32 52 42 7 23 11 4 14 40 17 24 35 62 9 44 30 51 48 50 6 29 21 46 5 10 18 59 36 27 20 61 8 63 49 53 19 34 25 47 37 26 22 13 28 1 43 12 58 60 56 38 2
63 27 8 49 61 20 53 19 38 43 60 56 58 1 2 12 52 3 7 42 33 15 64 32 31 41 45 57 16 54 55 39 62 44 9 6 51 30 50 48 21 36 18 5 10 29 46 59 24 17 11 35 23 4 40 14 26 25 22 37 13 47 34 28
10 21 5 29 18 36 46 59 34 25 13 47 37 26 28 22 1 56 12 2 60 43 38 58 49 53 27 61 63 20 19 8 31 45 41 39 16 57 55 54 44 48 30 6 51 62 9 50 64 15 3 32 52 7 33 42 23 17 4 35 40 11 24 14
51 44 6 62 30 48 9 50 24 17 40 11 35 23 14 4 26 47 22 28 13 25 34 37 29 46 21 18 10 36 59 5 49 27 53 8 63 61 19 20 45 54 57 39 16 31 41 55 38 43 56 58 1 12 60 2 52 15 7 32 33 3 64 42
52 3 42 7 32 33 64 15 9 50 48 44 30 51 6 62 10 21 29 5 36 59 46 18 4 24 11 35 23 40 17 14 22 47 34 28 26 37 25 13 56 60 58 2 1 12 38 43 53 19 27 61 63 49 20 8 16 55 31 57 54 45 41 39
26 47 28 22 37 13 34 25 53 19 20 27 61 63 8 49 16 45 31 39 54 55 41 57 12 38 56 58 1 60 43 2 7 3 64 42 52 32 15 33 11 40 35 14 23 4 24 17 9 50 44 30 51 62 48 6 10 59 29 18 36 21 46 5

